ba1 86 1
ba2 86 2
ba3 86 3
ba4 86 4
bang1 86 5
bang3 86 7
bang4 86 8
bai1 86 9
bai2 86 10
bai3 86 11
bai4 86 12
ban1 86 13
ban3 86 15
ban4 86 16
bao1 86 17
bao2 86 18
bao3 86 19
bao4 86 20
beng1 86 25
beng2 86 26
beng3 86 27
beng4 86 28
bei1 86 29
bei3 86 31
bei4 86 32
ben1 86 33
ben3 86 35
ben4 86 36
bo1 86 111 62
bo2 86 111 63
bo3 86 111 64
bo4 86 111 65
bu1 86 111 74
bu2 86 111 75
bu3 86 111 76
bu4 86 111 77
bian1 86 113 13
bian3 86 113 15
bian4 86 113 16
biao1 86 113 17
biao2 86 113 18
biao3 86 113 19
biao4 86 113 20
bi1 86 113 41
bi2 86 113 42
bi3 86 113 43
bi4 86 113 44
bie1 86 113 45
bie2 86 113 46
bie3 86 113 47
bing1 86 113 49
bing3 86 113 51
bing4 86 113 52
bin1 86 113 57
bin4 86 113 60
ca1 87 1
ca3 87 3
cang1 87 5
cang2 87 6
cai1 87 9
cai2 87 10
cai3 87 11
cai4 87 12
can1 87 13
can2 87 14
can3 87 15
can4 87 16
cao1 87 17
cao2 87 18
cao3 87 19
cao4 87 20
ce4 87 24
ceng1 87 25
ceng2 87 26
ceng4 87 28
cen2 87 34
cha1 88 1
cha2 88 2
cha3 88 3
cha4 88 4
chang1 88 5
chang2 88 6
chang3 88 7
chang4 88 8
chai1 88 9
chai2 88 10
chai4 88 12
chan1 88 13
chan2 88 14
chan3 88 15
chan4 88 16
chao1 88 17
chao2 88 18
chao3 88 19
chao4 88 20
che1 88 21
che3 88 23
che4 88 24
cheng1 88 25
cheng2 88 26
cheng3 88 27
cheng4 88 28
chen1 88 33
chen2 88 34
chen3 88 35
chen4 88 36
chi1 88 53
chi2 88 54
chi3 88 55
chi4 88 56
chou1 88 70
chou2 88 71
chou3 88 72
chou4 88 73
chuang1 88 111 5
chuang2 88 111 6
chuang3 88 111 7
chuang4 88 111 8
chuai1 88 111 9
chuai3 88 111 11
chuai4 88 111 12
chuan1 88 111 13
chuan2 88 111 14
chuan3 88 111 15
chuan4 88 111 16
chui1 88 111 29
chui2 88 111 30
chuo1 88 111 62
chuo4 88 111 65
chong1 88 111 66
chong2 88 111 67
chong3 88 111 68
chong4 88 111 69
chu1 88 111 74
chu2 88 111 75
chu3 88 111 76
chu4 88 111 77
chun1 88 111 78
chun2 88 111 79
chun3 88 111 80
ci1 87 53
ci2 87 54
ci3 87 55
ci4 87 56
cou4 87 73
cuan1 87 111 13
cuan2 87 111 14
cuan4 87 111 16
cui1 87 111 29
cui3 87 111 31
cui4 87 111 32
cuo1 87 111 62
cuo2 87 111 63
cuo3 87 111 64
cuo4 87 111 65
cong1 87 111 66
cong2 87 111 67
cu1 87 111 74
cu2 87 111 75
cu4 87 111 77
cun1 87 111 78
cun2 87 111 79
cun3 87 111 80
cun4 87 111 81
da1 89 1
da2 89 2
da3 89 3
da4 89 4
dang1 89 5
dang3 89 7
dang4 89 8
dai1 89 9
dai3 89 11
dai4 89 12
dan1 89 13
dan3 89 15
dan4 89 16
dao1 89 17
dao3 89 19
dao4 89 20
de2 89 22
de3 89 23
deng1 89 25
deng3 89 27
deng4 89 28
dei3 89 31
dou1 89 70
dou3 89 72
dou4 89 73
duan1 89 111 13
duan3 89 111 15
duan4 89 111 16
dui1 89 111 29
dui4 89 111 32
duo1 89 111 62
duo2 89 111 63
duo3 89 111 64
duo4 89 111 65
dong1 89 111 66
dong3 89 111 68
dong4 89 111 69
du1 89 111 74
du2 89 111 75
du3 89 111 76
du4 89 111 77
dun1 89 111 78
dun3 89 111 80
dun4 89 111 81
dia3 89 113 3
dian1 89 113 13
dian3 89 113 15
dian4 89 113 16
diao1 89 113 17
diao3 89 113 19
diao4 89 113 20
di1 89 113 41
di2 89 113 42
di3 89 113 43
di4 89 113 44
die1 89 113 45
die2 89 113 46
ding1 89 113 49
ding3 89 113 51
ding4 89 113 52
diu1 89 113 70
fa1 91 1
fa2 91 2
fa3 91 3
fa4 91 4
fang1 91 5
fang2 91 6
fang3 91 7
fang4 91 8
fan1 91 13
fan2 91 14
fan3 91 15
fan4 91 16
feng1 91 25
feng2 91 26
feng3 91 27
feng4 91 28
fei1 91 29
fei2 91 30
fei3 91 31
fei4 91 32
fen1 91 33
fen2 91 34
fen3 91 35
fen4 91 36
fou3 91 72
fo2 91 111 63
fu1 91 111 74
fu2 91 111 75
fu3 91 111 76
fu4 91 111 77
ga1 92 1
ga2 92 2
ga3 92 3
ga4 92 4
gang1 92 5
gang3 92 7
gang4 92 8
gai1 92 9
gai3 92 11
gai4 92 12
gan1 92 13
gan2 92 14
gan3 92 15
gan4 92 16
gao1 92 17
gao3 92 19
gao4 92 20
ge1 92 21
ge2 92 22
ge3 92 23
ge4 92 24
geng1 92 25
geng3 92 27
geng4 92 28
gei3 92 31
gen1 92 33
gen2 92 34
gen3 92 35
gen4 92 36
gou1 92 70
gou3 92 72
gou4 92 73
a1 40 1
a2 40 2
a3 40 3
a4 40 4
ang1 40 5
ang2 40 6
ang4 40 8
ai1 40 9
ai2 40 10
ai3 40 11
ai4 40 12
an1 40 13
an3 40 15
an4 40 16
ao1 40 17
ao2 40 18
ao3 40 19
ao4 40 20
e1 40 21
e2 40 22
e3 40 23
e4 40 24
en1 40 25
en2 40 26
en3 40 27
en4 40 28
ei1 40 29
ei2 40 31
en1 40 33
en2 40 34
en3 40 35
en4 40 36
er2 40 37
er3 40 38
er4 40 39
o1 40 62
o2 40 63
o4 40 65
ou1 40 70
ou3 40 72
ou4 40 73
gua1 92 111 1
gua3 92 111 3
gua4 92 111 4
guang1 92 111 5
guang3 92 111 7
guang4 92 111 8
guai1 92 111 9
guai3 92 111 11
guai4 92 111 12
guan1 92 111 13
guan3 92 111 15
guan4 92 111 16
gui1 92 111 29
gui3 92 111 31
gui4 92 111 32
guo1 92 111 62
guo2 92 111 63
guo3 92 111 64
guo4 92 111 65
gong1 92 111 66
gong3 92 111 68
gong4 92 111 69
gu1 92 111 74
gu3 92 111 76
gu4 92 111 77
gun3 92 111 80
gun4 92 111 81
ha1 93 1
ha2 93 2
ha3 93 3
hang1 93 5
hang2 93 6
hang4 93 8
hai1 93 9
hai2 93 10
hai3 93 11
hai4 93 12
han1 93 13
han2 93 14
han3 93 15
han4 93 16
hao1 93 17
hao2 93 18
hao3 93 19
hao4 93 20
he1 93 21
he2 93 22
he4 93 24
heng1 93 25
heng2 93 26
heng4 93 28
hei1 93 29
hen2 93 34
hen3 93 35
hen4 93 36
hou1 93 70
hou2 93 71
hou3 93 72
hou4 93 73
hua1 93 111 1
hua2 93 111 2
hua4 93 111 4
huang1 93 111 5
huang2 93 111 6
huang3 93 111 7
huang4 93 111 8
huai2 93 111 10
huai4 93 111 12
huan1 93 111 13
huan2 93 111 14
huan3 93 111 15
huan4 93 111 16
hui1 93 111 29
hui2 93 111 30
hui3 93 111 31
hui4 93 111 32
huo1 93 111 62
huo2 93 111 63
huo3 93 111 64
huo4 93 111 65
hong1 93 111 66
hong2 93 111 67
hong3 93 111 68
hong4 93 111 69
hu1 93 111 74
hu2 93 111 75
hu3 93 111 76
hu4 93 111 77
hun1 93 111 78
hun2 93 111 79
hun4 93 111 81
juan1 94 109 13
juan3 94 109 15
juan4 94 109 16
jvan1 94 109 13
jvan3 94 109 15
jvan4 94 109 16
jue1 94 109 45
jue2 94 109 46
jue3 94 109 47
jue4 94 109 48
jve1 94 109 45
jve2 94 109 46
jve3 94 109 47
jve4 94 109 48
jun1 94 109 57
jun4 94 109 60
jvn1 94 109 57
jvn4 94 109 60
ju1 94 109 82
ju2 94 109 83
ju3 94 109 84
ju4 94 109 85
jv1 94 109 82
jv2 94 109 83
jv3 94 109 84
jv4 94 109 85
jia1 94 113 1
jia2 94 113 2
jia3 94 113 3
jia4 94 113 4
jiang1 94 113 5
jiang3 94 113 7
jiang4 94 113 8
jian1 94 113 13
jian3 94 113 15
jian4 94 113 16
jiao1 94 113 17
jiao2 94 113 18
jiao3 94 113 19
jiao4 94 113 20
ji1 94 113 41
ji2 94 113 42
ji3 94 113 43
ji4 94 113 44
jie1 94 113 45
jie2 94 113 46
jie3 94 113 47
jie4 94 113 48
jing1 94 113 49
jing3 94 113 51
jing4 94 113 52
jin1 94 113 57
jin3 94 113 59
jin4 94 113 60
jiong1 94 113 66
jiong3 94 113 68
jiu1 94 113 70
jiu3 94 113 72
jiu4 94 113 73
ka1 95 1
ka3 95 3
kang1 95 5
kang2 95 6
kang4 95 8
kai1 95 9
kai3 95 11
kai4 95 12
kan1 95 13
kan3 95 15
kan4 95 16
kao1 95 17
kao3 95 19
kao4 95 20
ke1 95 21
ke2 95 22
ke3 95 23
ke4 95 24
keng1 95 25
ken3 95 35
ken4 95 36
kou1 95 70
kou3 95 72
kou4 95 73
kua1 95 111 1
kua3 95 111 3
kua4 95 111 4
kuang1 95 111 5
kuang2 95 111 6
kuang4 95 111 8
kuai3 95 111 11
kuai4 95 111 12
kuan1 95 111 13
kuan3 95 111 15
kui1 95 111 29
kui2 95 111 30
kui3 95 111 31
kui4 95 111 32
kuo4 95 111 65
kong1 95 111 66
kong3 95 111 68
kong4 95 111 69
ku1 95 111 74
ku3 95 111 76
ku4 95 111 77
kun1 95 111 78
kun3 95 111 80
kun4 95 111 81
la1 96 1
la2 96 2
la3 96 3
la4 96 4
lang1 96 5
lang2 96 6
lang3 96 7
lang4 96 8
lai2 96 10
lai4 96 12
lan2 96 14
lan3 96 15
lan4 96 16
lao1 96 17
lao2 96 18
lao3 96 19
lao4 96 20
le1 96 21
le3 96 23
le4 96 24
leng2 96 26
leng3 96 27
leng4 96 28
lei1 96 29
lei2 96 30
lei3 96 31
lei4 96 32
lo3 96 64
lou1 96 70
lou2 96 71
lou3 96 72
lou4 96 73
lue4 96 109 48
lve4 96 109 48
lv2 96 109 83
lv3 96 109 84
lv4 96 109 85
luan2 96 111 14
luan3 96 111 15
luan4 96 111 16
luo1 96 111 62
luo2 96 111 63
luo3 96 111 64
luo4 96 111 65
long2 96 111 67
long3 96 111 68
long4 96 111 69
lu1 96 111 74
lu2 96 111 75
lu3 96 111 76
lu4 96 111 77
lun1 96 111 78
lun2 96 111 79
lun4 96 111 81
lia3 96 113 3
liang2 96 113 6
liang3 96 113 7
liang4 96 113 8
lian2 96 113 14
lian3 96 113 15
lian4 96 113 16
liao1 96 113 17
liao2 96 113 18
liao3 96 113 19
liao4 96 113 20
li1 96 113 41
li2 96 113 42
li3 96 113 43
li4 96 113 44
lie1 96 113 45
lie2 96 113 46
lie3 96 113 47
lie4 96 113 48
ling1 96 113 49
ling2 96 113 50
ling3 96 113 51
ling4 96 113 52
lin1 96 113 57
lin2 96 113 58
lin3 96 113 59
lin4 96 113 60
liu1 96 113 70
liu2 96 113 71
liu3 96 113 72
liu4 96 113 73
ma1 97 1
ma2 97 2
ma3 97 3
ma4 97 4
mang2 97 6
mang3 97 7
mai2 97 10
mai3 97 11
mai4 97 12
man1 97 13
man2 97 14
man3 97 15
man4 97 16
mao1 97 17
mao2 97 18
mao3 97 19
mao4 97 20
me3 97 23
meng2 97 26
meng3 97 27
meng4 97 28
mei2 97 30
mei3 97 31
mei4 97 32
men1 97 33
men2 97 34
men3 97 35
men4 97 36
mou1 97 70
mou2 97 71
mou3 97 72
mo1 97 111 62
mo2 97 111 63
mo3 97 111 64
mo4 97 111 65
mu2 97 111 75
mu3 97 111 76
mu4 97 111 77
mian2 97 113 14
mian3 97 113 15
mian4 97 113 16
miao1 97 113 17
miao2 97 113 18
miao3 97 113 19
miao4 97 113 20
mi1 97 113 41
mi2 97 113 42
mi3 97 113 43
mi4 97 113 44
mie1 97 113 45
mie4 97 113 48
ming2 97 113 50
ming3 97 113 51
ming4 97 113 52
min2 97 113 58
min3 97 113 59
miu4 97 113 73
na2 98 2
na3 98 3
na4 98 4
nang1 98 5
nang2 98 6
nang3 98 7
nai3 98 11
nai4 98 12
nan1 98 13
nan2 98 14
nan3 98 15
nan4 98 16
nao1 98 17
nao2 98 18
nao3 98 19
nao4 98 20
ne3 98 23
ne4 98 24
neng2 98 26
nei3 98 31
nei4 98 32
nen4 98 36
nou4 98 73
nue4 98 109 48
nve4 98 109 48
nv3 98 109 84
nv4 98 109 85
nuan3 98 111 15
nuo2 98 111 63
nuo4 98 111 65
nong2 98 111 67
nong4 98 111 69
nu2 98 111 75
nu3 98 111 76
nu4 98 111 77
niang2 98 113 6
niang4 98 113 8
nian1 98 113 13
nian2 98 113 14
nian3 98 113 15
nian4 98 113 16
niao3 98 113 19
niao4 98 113 20
ni1 98 113 41
ni2 98 113 42
ni3 98 113 43
ni4 98 113 44
nie1 98 113 45
nie4 98 113 48
ning2 98 113 50
ning3 98 113 51
ning4 98 113 52
nin2 98 113 58
niu1 98 113 70
niu2 98 113 71
niu3 98 113 72
niu4 98 113 73
pa1 99 1
pa2 99 2
pa4 99 4
pang1 99 5
pang2 99 6
pang3 99 7
pang4 99 8
pai1 99 9
pai2 99 10
pai3 99 11
pai4 99 12
pan1 99 13
pan2 99 14
pan4 99 16
pao1 99 17
pao2 99 18
pao3 99 19
pao4 99 20
peng1 99 25
peng2 99 26
peng3 99 27
peng4 99 28
pei1 99 29
pei2 99 30
pei4 99 32
pen1 99 33
pen2 99 34
pou1 99 70
pou2 99 71
pou3 99 72
po1 99 111 62
po2 99 111 63
po3 99 111 64
po4 99 111 65
pu1 99 111 74
pu2 99 111 75
pu3 99 111 76
pu4 99 111 77
pian1 99 113 13
pian2 99 113 14
pian3 99 113 15
pian4 99 113 16
piao1 99 113 17
piao2 99 113 18
piao3 99 113 19
piao4 99 113 20
pi1 99 113 41
pi2 99 113 42
pi3 99 113 43
pi4 99 113 44
pie1 99 113 45
pie3 99 113 47
ping1 99 113 49
ping2 99 113 50
pin1 99 113 57
pin2 99 113 58
pin3 99 113 59
pin4 99 113 60
quan1 100 109 13
quan2 100 109 14
quan3 100 109 15
quan4 100 109 16
qvan1 100 109 13
qvan2 100 109 14
qvan3 100 109 15
qvan4 100 109 16
que1 100 109 45
que2 100 109 46
que4 100 109 48
qve1 100 109 45
qve2 100 109 46
qve4 100 109 48
qun1 100 109 57
qun2 100 109 58
qvn1 100 109 57
qvn2 100 109 58
qu1 100 109 82
qu2 100 109 83
qu3 100 109 84
qu4 100 109 85
qv1 100 109 82
qv2 100 109 83
qv3 100 109 84
qv4 100 109 85
qia1 100 113 1
qia4 100 113 4
qiang1 100 113 5
qiang2 100 113 6
qiang3 100 113 7
qiang4 100 113 8
qian1 100 113 13
qian2 100 113 14
qian3 100 113 15
qian4 100 113 16
qiao1 100 113 17
qiao2 100 113 18
qiao3 100 113 19
qiao4 100 113 20
qi1 100 113 41
qi2 100 113 42
qi3 100 113 43
qi4 100 113 44
qie1 100 113 45
qie2 100 113 46
qie3 100 113 47
qie4 100 113 48
qing1 100 113 49
qing2 100 113 50
qing3 100 113 51
qing4 100 113 52
qin1 100 113 57
qin2 100 113 58
qin3 100 113 59
qin4 100 113 60
qiong2 100 113 67
qiu1 100 113 70
qiu2 100 113 71
qiu3 100 113 72
rang1 101 5
rang2 101 6
rang3 101 7
rang4 101 8
ran2 101 14
ran3 101 15
rao2 101 18
rao3 101 19
rao4 101 20
re3 101 23
re4 101 24
reng1 101 25
reng2 101 26
ren2 101 34
ren3 101 35
ren4 101 36
ri4 101 56
rou2 101 71
rou4 101 73
ruan3 101 111 15
rui2 101 111 30
rui3 101 111 31
rui4 101 111 32
ruo4 101 111 65
rong2 101 111 67
rong3 101 111 68
ru2 101 111 75
ru3 101 111 76
ru4 101 111 77
run4 101 111 81
sa1 104 1
sa3 104 3
sa4 104 4
sang1 104 5
sang3 104 7
sang4 104 8
sai1 104 9
sai4 104 12
san1 104 13
san3 104 15
san4 104 16
sao1 104 17
sao3 104 19
sao4 104 20
se4 104 24
seng1 104 25
sen1 104 33
sha1 105 1
sha2 105 2
sha3 105 3
sha4 105 4
shang1 105 5
shang3 105 7
shang4 105 8
shai1 105 9
shai4 105 12
shan1 105 13
shan3 105 15
shan4 105 16
shao1 105 17
shao2 105 18
shao3 105 19
shao4 105 20
she1 105 21
she2 105 22
she3 105 23
she4 105 24
sheng1 105 25
sheng2 105 26
sheng3 105 27
sheng4 105 28
shei2 105 30
shen1 105 33
shen2 105 34
shen3 105 35
shen4 105 36
shi1 105 53
shi2 105 54
shi3 105 55
shi4 105 56
shou1 105 70
shou2 105 71
shou3 105 72
shou4 105 73
shua1 105 111 1
shua3 105 111 3
shuang1 105 111 5
shuang3 105 111 7
shuai1 105 111 9
shuai3 105 111 11
shuai4 105 111 12
shuan1 105 111 13
shuan4 105 111 16
shui2 105 111 30
shui3 105 111 31
shui4 105 111 32
shuo1 105 111 62
shuo4 105 111 65
shu1 105 111 74
shu2 105 111 75
shu3 105 111 76
shu4 105 111 77
shun3 105 111 80
shun4 105 111 81
si1 104 53
si3 104 55
si4 104 56
sou1 104 70
sou3 104 72
sou4 104 73
suan1 104 111 13
suan4 104 111 16
sui1 104 111 29
sui2 104 111 30
sui3 104 111 31
sui4 104 111 32
suo1 104 111 62
suo3 104 111 64
song1 104 111 66
song3 104 111 68
song4 104 111 69
su1 104 111 74
su2 104 111 75
su4 104 111 77
sun1 104 111 78
sun3 104 111 80
ta1 107 1
ta3 107 3
ta4 107 4
tang1 107 5
tang2 107 6
tang3 107 7
tang4 107 8
tai1 107 9
tai2 107 10
tai4 107 12
tan1 107 13
tan2 107 14
tan3 107 15
tan4 107 16
tao1 107 17
tao2 107 18
tao3 107 19
tao4 107 20
te4 107 24
teng2 107 26
tei1 107 29
tou1 107 70
tou2 107 71
tou4 107 73
tuan1 107 111 13
tuan2 107 111 14
tuan3 107 111 15
tuan4 107 111 16
tui1 107 111 29
tui2 107 111 30
tui3 107 111 31
tui4 107 111 32
tuo1 107 111 62
tuo2 107 111 63
tuo3 107 111 64
tuo4 107 111 65
tong1 107 111 66
tong2 107 111 67
tong3 107 111 68
tong4 107 111 69
tu1 107 111 74
tu2 107 111 75
tu3 107 111 76
tu4 107 111 77
tun1 107 111 78
tun2 107 111 79
tun3 107 111 80
tun4 107 111 81
tian1 107 113 13
tian2 107 113 14
tian3 107 113 15
tian4 107 113 16
tiao1 107 113 17
tiao2 107 113 18
tiao3 107 113 19
tiao4 107 113 20
ti1 107 113 41
ti2 107 113 42
ti3 107 113 43
ti4 107 113 44
tie1 107 113 45
tie3 107 113 47
tie4 107 113 48
ting1 107 113 49
ting2 107 113 50
ting3 107 113 51
ting4 107 113 52
wa1 111 1
wa2 111 2
wa3 111 3
wa4 111 4
wang1 111 5
wang2 111 6
wang3 111 7
wang4 111 8
wai1 111 9
wai3 111 11
wai4 111 12
wan1 111 13
wan2 111 14
wan3 111 15
wan4 111 16
weng1 111 25
weng3 111 27
weng4 111 28
wei1 111 29
wei2 111 30
wei3 111 31
wei4 111 32
wen1 111 33
wen2 111 34
wen3 111 35
wen4 111 36
wo1 111 62
wo3 111 64
wo4 111 65
wu1 111 74
wu2 111 75
wu3 111 76
wu4 111 77
xuan1 112 109 13
xuan2 112 109 14
xuan3 112 109 15
xuan4 112 109 16
xvan1 112 109 13
xvan2 112 109 14
xvan3 112 109 15
xvan4 112 109 16
xue1 112 109 45
xue2 112 109 46
xue3 112 109 47
xue4 112 109 48
xve1 112 109 45
xve2 112 109 46
xve3 112 109 47
xve4 112 109 48
xun1 112 109 57
xun2 112 109 58
xun4 112 109 60
xvn1 112 109 57
xvn2 112 109 58
xvn4 112 109 60
xu1 112 109 82
xu2 112 109 83
xu3 112 109 84
xu4 112 109 85
xv1 112 109 82
xv2 112 109 83
xv3 112 109 84
xv4 112 109 85
xia1 112 113 1
xia2 112 113 2
xia4 112 113 4
xiang1 112 113 5
xiang2 112 113 6
xiang3 112 113 7
xiang4 112 113 8
xian1 112 113 13
xian2 112 113 14
xian3 112 113 15
xian4 112 113 16
xiao1 112 113 17
xiao2 112 113 18
xiao3 112 113 19
xiao4 112 113 20
xi1 112 113 41
xi2 112 113 42
xi3 112 113 43
xi4 112 113 44
xie1 112 113 45
xie2 112 113 46
xie3 112 113 47
xie4 112 113 48
xing1 112 113 49
xing2 112 113 50
xing3 112 113 51
xing4 112 113 52
xin1 112 113 57
xin2 112 113 58
xin4 112 113 60
xiong1 112 113 66
xiong2 112 113 67
xiu1 112 113 70
xiu3 112 113 72
xiu4 112 113 73
ya1 113 1
ya2 113 2
ya3 113 3
ya4 113 4
yang1 113 5
yang2 113 6
yang3 113 7
yang4 113 8
yan1 113 13
yan2 113 14
yan3 113 15
yan4 113 16
yao1 113 17
yao2 113 18
yao3 113 19
yao4 113 20
yi1 113 41
yi2 113 42
yi3 113 43
yi4 113 44
ye1 113 45
ye2 113 46
ye3 113 47
ye4 113 48
ying1 113 49
ying2 113 50
ying3 113 51
ying4 113 52
yin1 113 57
yin2 113 58
yin3 113 59
yin4 113 60
yo1 113 62
yo3 113 64
you1 113 70
you2 113 71
you3 113 72
you4 113 73
yuan1 113 109 13
yuan2 113 109 14
yuan3 113 109 15
yuan4 113 109 16
yvan1 113 109 13
yvan2 113 109 14
yvan3 113 109 15
yue1 113 109 45
yue3 113 109 47
yue4 113 109 48
yve1 113 109 45
yve3 113 109 47
yve4 113 109 48
yun1 113 109 57
yun2 113 109 58
yun3 113 109 59
yun4 113 109 60
yvn1 113 109 57
yvn2 113 109 58
yvn3 113 109 59
yvn4 113 109 60
yu1 113 109 82
yu2 113 109 83
yu3 113 109 84
yu4 113 109 85
yv1 113 109 82
yv2 113 109 83
yv3 113 109 84
yv4 113 109 85
yong1 113 111 66
yong2 113 111 67
yong3 113 111 68
yong4 113 111 69
za1 114 1
za2 114 2
za3 114 3
zang1 114 5
zang3 114 7
zang4 114 8
zai1 114 9
zai3 114 11
zai4 114 12
zan1 114 13
zan2 114 14
zan3 114 15
zan4 114 16
zao1 114 17
zao2 114 18
zao3 114 19
zao4 114 20
ze2 114 22
ze4 114 24
zeng1 114 25
zeng4 114 28
zei2 114 30
zen3 114 35
zen4 114 36
zha1 115 1
zha2 115 2
zha3 115 3
zha4 115 4
zhang1 115 5
zhang3 115 7
zhang4 115 8
zhai1 115 9
zhai2 115 10
zhai3 115 11
zhai4 115 12
zhan1 115 13
zhan3 115 15
zhan4 115 16
zhao1 115 17
zhao2 115 18
zhao3 115 19
zhao4 115 20
zhe1 115 21
zhe2 115 22
zhe3 115 23
zhe4 115 24
zheng1 115 25
zheng3 115 27
zheng4 115 28
zhei4 115 32
zhen1 115 33
zhen3 115 35
zhen4 115 36
zhi1 115 53
zhi2 115 54
zhi3 115 55
zhi4 115 56
zhou1 115 70
zhou2 115 71
zhou3 115 72
zhou4 115 73
zhua1 115 111 1
zhua3 115 111 3
zhuang1 115 111 5
zhuang3 115 111 7
zhuang4 115 111 8
zhuai3 115 111 11
zhuai4 115 111 12
zhuan1 115 111 13
zhuan3 115 111 15
zhuan4 115 111 16
zhui1 115 111 29
zhui4 115 111 32
zhuo1 115 111 62
zhuo2 115 111 63
zhong1 115 111 66
zhong3 115 111 68
zhong4 115 111 69
zhu1 115 111 74
zhu2 115 111 75
zhu3 115 111 76
zhu4 115 111 77
zhun1 115 111 78
zhun3 115 111 80
zi1 114 53
zi3 114 55
zi4 114 56
zou1 114 70
zou3 114 72
zou4 114 73
zuan1 114 111 13
zuan3 114 111 15
zuan4 114 111 16
zui3 114 111 31
zui4 114 111 32
zuo1 114 111 62
zuo2 114 111 63
zuo3 114 111 64
zuo4 114 111 65
zong1 114 111 66
zong3 114 111 68
zong4 114 111 69
zu1 114 111 74
zu2 114 111 75
zu3 114 111 76
zun1 114 111 78
zun3 114 111 80
